number of targets: 50
number of landmarks: 200
grid size: 100
threshold or range of the vehicle: 15
edge discretization unit: 2.5

target coordinates (format i x y)
0 80.07 20.22
1 21.16 82.14
2 10.08 83.26
3 19.76 90.03
4 12.62 35.73
5 56.84 46.8
6 65.24 26.37
7 23.47 39.65
8 76 58.45
9 62.44 0.83
10 66.47 46.61
11 4.28 48.47
12 75.76 74.84
13 10.33 32.55
14 80.48 71.47
15 98.27 59.53
16 11.03 94.31
17 21.59 68.35
18 24.02 48.39
19 53.15 5.73
20 85.13 90.22
21 26.33 11.49
22 33.61 5.56
23 79.18 52.6
24 8.21 68.89
25 68.74 0.21
26 43.1 52.36
27 69.4 47.51
28 33.19 74.41
29 17.46 6.37
30 13.39 15.18
31 78.55 58.32
32 43.23 59.1
33 76.05 44.81
34 88.72 94.46
35 32.83 3.76
36 10.99 84.49
37 73.55 10.56
38 33.73 73.55
39 22.39 99
40 97.42 18.87
41 6.14 48.65
42 27.07 74.45
43 10.17 79.73
44 19.74 76.26
45 97.98 32.61
46 14.48 41
47 14.36 19.57
48 95.04 49.26
49 82.26 78.5

landmark coordinates (format i x y cost)
0 8.5 89.16 10.51
1 18.97 39.8 10.25
2 74.35 56.04 9.241
3 80.96 51.17 8.315
4 99.51 96.66 8.251
5 42.61 65.3 10.95
6 96.15 85.8 10.28
7 29.4 41.46 11.56
8 51.49 78.98 10.39
9 54.43 9.36 8.473
10 43.23 84.49 11.37
11 77.28 19.19 9.935
12 78.04 18.13 9.676
13 57.91 31.41 8.004
14 41.2 99.23 9.719
15 16.39 33.48 8.207
16 7.62 17.45 11.25
17 3.73 46.74 11.01
18 67.41 6.67 10.56
19 38.98 16.54 9.481
20 99.08 87.06 9.56
21 67.27 58.77 11.32
22 25.5 59.3 11.47
23 27.17 27.05 10.7
24 9.59 63.26 11.25
25 15.13 94.89 8.033
26 4.26 73.51 9.959
27 46.55 22.25 11.91
28 57.15 60.46 9.766
29 69.8 66.47 11.33
30 17.37 75.15 8.271
31 82.49 75.31 8.799
32 31.9 53.26 8.892
33 14.76 79.26 9.255
34 91.25 79.44 11.05
35 0.94 51.01 9.359
36 29.56 55.99 10.07
37 50.42 31 9.557
38 98.26 96.45 8.277
39 44.86 30.35 9.829
40 5.62 80.19 11.47
41 98.38 5.11 9.092
42 23.98 10.47 9.79
43 53.48 52.14 8.672
44 33 31.76 8.548
45 97.79 73.51 8.128
46 95.36 4.95 9.758
47 57.25 6.08 8.755
48 81.16 97.92 8.841
49 22.58 40.64 11.4
50 61.9 75.46 8.926
51 91.6 3.65 11.17
52 83.06 90.36 9.393
53 17.6 56.68 8.885
54 32.82 39.46 10.34
55 46.46 18.33 11.69
56 25.75 61.05 11.85
57 19.65 14.13 9.166
58 66.93 80.18 11.41
59 15.59 47.14 8.996
60 25.57 99.4 10.96
61 69.88 84.74 11.81
62 6.94 19.18 11.74
63 0.81 43.97 11.05
64 38.96 13.57 8.632
65 24.92 46.14 11.22
66 69.84 20.69 11.86
67 18.23 39.44 10.02
68 14.25 71.57 8.226
69 47.31 36.17 10.85
70 0.03 97.21 9.379
71 24.26 65.43 11.55
72 94.02 59.63 10.64
73 90.39 33.15 10.05
74 30.4 67.54 10.46
75 44.98 40.9 11.76
76 61.83 74.45 8.762
77 4.73 67.6 11.13
78 1.82 53.47 9.574
79 93.82 37.8 10.47
80 49.23 67.58 10.95
81 78.42 89.37 8.893
82 72.71 32.15 9.201
83 14.52 23.72 9.736
84 21.19 21.55 11.06
85 57.82 75.28 8.173
86 79.02 13.34 8.358
87 38.05 37.35 9.295
88 30.45 64.48 11.17
89 82.27 78.28 9.486
90 52.44 20.92 10.98
91 63.4 63.96 11.11
92 73.89 68.04 9.833
93 39.94 0.71 10.43
94 26.29 86.39 11.71
95 64.42 62.44 11.45
96 62.6 58.96 10.33
97 96.65 61.55 10.27
98 46.83 62.1 11.97
99 15.88 14.25 8.578
100 86.5 9.68 9.757
101 45.42 32.57 9.932
102 51.44 13.37 9.627
103 6.97 2.95 11.5
104 98.35 95.87 8.173
105 0.2 37.94 10.44
106 40.57 20.1 10.58
107 35.62 73.46 8.049
108 62.52 35.68 9.619
109 11.71 66.04 10.21
110 85.27 17.32 10.9
111 17.98 63.37 10.21
112 48.02 43.13 11.9
113 75.4 2.89 10.06
114 8.2 60.8 11.45
115 65.12 85.41 11.52
116 27.67 65.09 11.68
117 7.14 14.23 10.41
118 12.59 94.57 8.411
119 93.65 91.85 9.426
120 11.41 73.23 8.723
121 73.88 49.82 9.105
122 68.83 73.03 9.977
123 90.74 88.36 11.06
124 80.51 86.7 9.809
125 42.03 48.06 9.765
126 77.14 21.69 10.06
127 1.54 89.81 10.21
128 59.32 8.55 8.292
129 16.57 28.98 8.289
130 98.74 92.52 8.156
131 83.91 83.16 11.02
132 18.39 65.71 9.956
133 22.22 38.94 11.01
134 70.09 5.47 10.75
135 86.05 67.58 10.78
136 67.08 1.06 11.91
137 4.6 66.34 11.48
138 94.08 30.66 9.076
139 95.19 10.87 8.728
140 93.34 37.45 10.51
141 14.88 24.33 9.558
142 39.34 15.64 9.288
143 38.43 97.53 8.586
144 82.6 31.91 8.665
145 18.48 47.21 9.3
146 84.35 34.43 9.553
147 66.53 43.44 11.79
148 39.33 76.26 8.674
149 79.38 94.11 8.032
150 51.66 96.32 9.396
151 19.38 32.95 8.652
152 54.07 89.98 9.223
153 20.16 47.9 9.536
154 80.32 82.36 10.05
155 28.92 94.68 9.689
156 13.81 71.72 8.269
157 76.7 21.98 10.1
158 16.13 11.17 8.03
159 88.88 65.17 11.76
160 92.04 92.92 9.693
161 48.56 56.9 10.7
162 14.64 73.89 8.066
163 89.18 38.39 11.5
164 3.85 25.23 11.2
165 83.08 76.54 9.228
166 47.05 92.35 10.16
167 40.45 89.2 9.525
168 60.81 29.96 8.524
169 41.24 71.28 8.986
170 60.78 47.97 9.171
171 30.32 16.1 10.44
172 45.81 27.92 10.42
173 86.45 43.94 11.54
174 72.8 82.78 11.11
175 2.63 20.53 11.7
176 57.37 16.33 9.188
177 40.53 23.57 10.31
178 48.52 63.75 11.88
179 71.97 53.4 9.438
180 9.12 63.27 11.39
181 65.52 8.14 9.957
182 15.37 61.74 9.952
183 53.55 23.36 10.4
184 43.07 29.36 9.531
185 93.24 62.97 11.3
186 52.76 70.22 9.279
187 49.43 92 9.989
188 73.79 96.32 9.042
189 83.17 11.78 8.895
190 55.23 65.79 9.873
191 90.35 76.59 10.37
192 97.96 50.07 8.33
193 43.97 87.73 10.96
194 3.74 5.82 10.73
195 55.83 19.98 10.1
196 54.65 65.69 10.02
197 19.57 30.1 8.676
198 51.86 71.76 9.255
199 37.94 61.55 10

instance is Optimal

path length: 51
target visit sequence
0
6
37
25
9
19
22
35
21
29
30
47
13
4
46
7
18
41
11
24
43
2
36
16
39
3
1
44
17
42
28
38
32
26
5
10
27
33
23
31
8
14
12
49
20
34
15
48
45
40
0

number of landmarks placed: 29
landmarks indexes placed
1
2
11
25
30
35
43
47
57
64
67
73
78
97
99
107
118
126
128
131
138
139
142
154
159
162
170
173
199

cost information
travel cost: 499.88
placement cost: 272.32
total cost: 772.19

branch-cut-algorithm statistics
number of user cuts added: 23
computation time: 27.24 seconds
