45
200

84.63 30.63
36.67 58.17
10.14 6.39
69.02 51.05
60.65 45.16
9.54 0.78
87.23 90.57
15.35 52.30
66.05 87.18
20.84 29.62
75.34 92.64
32.43 28.38
88.65 94.71
23.79 32.19
51.54 47.35
40.83 75.61
63.00 60.54
37.18 37.97
62.50 20.37
45.33 63.65
57.66 49.39
63.44 80.40
71.11 89.02
4.11 20.78
53.01 43.75
81.02 46.31
9.24 48.34
86.74 72.53
28.74 23.95
22.43 22.42
83.81 23.24
96.15 55.46
89.50 41.23
33.52 60.80
1.82 34.82
65.18 88.16
69.47 54.82
76.37 85.82
25.74 82.84
52.72 43.46
26.90 90.56
17.57 18.27
87.24 58.94
83.29 65.89
9.09 64.61

8.50 89.16
18.97 39.80
74.35 56.04
80.96 51.17
99.51 96.66
42.61 65.30
96.15 85.80
29.40 41.46
51.49 78.98
54.43 9.36
43.23 84.49
77.28 19.19
78.04 18.13
57.91 31.41
41.20 99.23
16.39 33.48
7.62 17.45
3.73 46.74
67.41 6.67
38.98 16.54
99.08 87.06
67.27 58.77
25.50 59.30
27.17 27.05
9.59 63.26
15.13 94.89
4.26 73.51
46.55 22.25
57.15 60.46
69.80 66.47
17.37 75.15
82.49 75.31
31.90 53.26
14.76 79.26
91.25 79.44
0.94 51.01
29.56 55.99
50.42 31.00
98.26 96.45
44.86 30.35
5.62 80.19
98.38 5.11
23.98 10.47
53.48 52.14
33.00 31.76
97.79 73.51
95.36 4.95
57.25 6.08
81.16 97.92
22.58 40.64
61.90 75.46
91.60 3.65
83.06 90.36
17.60 56.68
32.82 39.46
46.46 18.33
25.75 61.05
19.65 14.13
66.93 80.18
15.59 47.14
25.57 99.40
69.88 84.74
6.94 19.18
0.81 43.97
38.96 13.57
24.92 46.14
69.84 20.69
18.23 39.44
14.25 71.57
47.31 36.17
0.03 97.21
24.26 65.43
94.02 59.63
90.39 33.15
30.40 67.54
44.98 40.90
61.83 74.45
4.73 67.60
1.82 53.47
93.82 37.80
49.23 67.58
78.42 89.37
72.71 32.15
14.52 23.72
21.19 21.55
57.82 75.28
79.02 13.34
38.05 37.35
30.45 64.48
82.27 78.28
52.44 20.92
63.40 63.96
73.89 68.04
39.94 0.71
26.29 86.39
64.42 62.44
62.60 58.96
96.65 61.55
46.83 62.10
15.88 14.25
86.50 9.68
45.42 32.57
51.44 13.37
6.97 2.95
98.35 95.87
0.20 37.94
40.57 20.10
35.62 73.46
62.52 35.68
11.71 66.04
85.27 17.32
17.98 63.37
48.02 43.13
75.40 2.89
8.20 60.80
65.12 85.41
27.67 65.09
7.14 14.23
12.59 94.57
93.65 91.85
11.41 73.23
73.88 49.82
68.83 73.03
90.74 88.36
80.51 86.70
42.03 48.06
77.14 21.69
1.54 89.81
59.32 8.55
16.57 28.98
98.74 92.52
83.91 83.16
18.39 65.71
22.22 38.94
70.09 5.47
86.05 67.58
67.08 1.06
4.60 66.34
94.08 30.66
95.19 10.87
93.34 37.45
14.88 24.33
39.34 15.64
38.43 97.53
82.60 31.91
18.48 47.21
84.35 34.43
66.53 43.44
39.33 76.26
79.38 94.11
51.66 96.32
19.38 32.95
54.07 89.98
20.16 47.90
80.32 82.36
28.92 94.68
13.81 71.72
76.70 21.98
16.13 11.17
88.88 65.17
92.04 92.92
48.56 56.90
14.64 73.89
89.18 38.39
3.85 25.23
83.08 76.54
47.05 92.35
40.45 89.20
60.81 29.96
41.24 71.28
60.78 47.97
30.32 16.10
45.81 27.92
86.45 43.94
72.80 82.78
2.63 20.53
57.37 16.33
40.53 23.57
48.52 63.75
71.97 53.40
9.12 63.27
65.52 8.14
15.37 61.74
53.55 23.36
43.07 29.36
93.24 62.97
52.76 70.22
49.43 92.00
73.79 96.32
83.17 11.78
55.23 65.79
90.35 76.59
97.96 50.07
43.97 87.73
3.74 5.82
55.83 19.98
54.65 65.69
19.57 30.10
51.86 71.76
37.94 61.55
